{"t": 1772093084.9873412, "arm_profile": "so-arm-5dof", "q_deg_left_5dof": [-29.513721714010586, -99.28698752228163, 46.92682926829269, 87.012987012987, 10.48951048951048], "tag_id": 1, "decision_margin": 31.539661407470703, "hamming": 0, "pose_err": 6.597129024055185e-08, "T_cam_tag": [[-0.8633764088030121, 0.11713900992902504, -0.49077451958639945, 0.15563029794349226], [0.043932579857072274, -0.9515306771608153, -0.3043998995548163, 0.16427129053523437], [-0.5026441138116664, -0.2843726828911807, 0.8163829200049181, 0.457633872141919], [0.0, 0.0, 0.0, 1.0]], "camera_params": [645.489013671875, 644.6547241210938, 642.4880981445312, 362.65289306640625], "tag_size_m": 0.04}
{"t": 1772104630.2348974, "arm_profile": "so-arm-5dof", "q_deg_left_5dof": [-75.92681752527685, 25.66844919786095, -33.46341463414633, 69.63036963036964, 33.46653346653346], "tag_id": 1, "decision_margin": 47.684879302978516, "hamming": 0, "pose_err": 5.261526318223767e-08, "T_cam_tag": [[-0.869346545130146, 0.20037165689409742, -0.4517607592341256, -0.16699109286051128], [-0.059124167600920596, -0.9497226101884757, -0.3074594225296839, 0.06952159698483601], [-0.4906535613605365, -0.24057880789941294, 0.8374848774240164, 0.22365603021546043], [0.0, 0.0, 0.0, 1.0]], "camera_params": [645.489013671875, 644.6547241210938, 642.4880981445312, 362.65289306640625], "tag_size_m": 0.04}
{"t": 1772104636.5183482, "arm_profile": "so-arm-5dof", "q_deg_left_5dof": [-71.59364467982667, 12.923351158645275, -33.46341463414633, 72.62737262737261, 34.56543456543457], "tag_id": 1, "decision_margin": 48.6622314453125, "hamming": 0, "pose_err": 4.921688534516553e-08, "T_cam_tag": [[-0.8500530899507706, 0.34052806505516153, -0.4018088863812438, -0.1571204761569358], [-0.176366131805403, -0.9028748721480876, -0.39206115950904113, 0.01677068851865096], [-0.4962909749503278, -0.26240732107424564, 0.8275491925133459, 0.2284456306838526], [0.0, 0.0, 0.0, 1.0]], "camera_params": [645.489013671875, 644.6547241210938, 642.4880981445312, 362.65289306640625], "tag_size_m": 0.04}
{"t": 1772104642.5324342, "arm_profile": "so-arm-5dof", "q_deg_left_5dof": [-66.58642272508425, 4.81283422459893, -38.63414634146341, 73.32667332667333, 40.759240759240754], "tag_id": 1, "decision_margin": 33.60395431518555, "hamming": 0, "pose_err": 8.440415390710359e-08, "T_cam_tag": [[-0.7741237795128434, 0.5138902265828036, -0.36966093790854393, -0.14244170847351664], [-0.2555089150850925, -0.7879193773090325, -0.5602662306198597, -0.035672912144036374], [-0.5791783562123056, -0.3392637467865106, 0.7412506605808793, 0.23150375510760537], [0.0, 0.0, 0.0, 1.0]], "camera_params": [645.489013671875, 644.6547241210938, 642.4880981445312, 362.65289306640625], "tag_size_m": 0.04}
{"t": 1772104646.9015508, "arm_profile": "so-arm-5dof", "q_deg_left_5dof": [-58.59412614347617, -3.030303030303031, -38.63414634146341, 73.32667332667333, 40.759240759240754], "tag_id": 1, "decision_margin": 37.23039627075195, "hamming": 0, "pose_err": 6.800596003348052e-08, "T_cam_tag": [[-0.764333692564992, 0.5925995050471117, -0.2542043135508961, -0.12284363105596655], [-0.32983482096359895, -0.6980518474922457, -0.6355569282861866, -0.0728400455521053], [-0.554078511846358, -0.40193213958401053, 0.7290044978458945, 0.250584617157252], [0.0, 0.0, 0.0, 1.0]], "camera_params": [645.489013671875, 644.6547241210938, 642.4880981445312, 362.65289306640625], "tag_size_m": 0.04}
{"t": 1772104650.2412994, "arm_profile": "so-arm-5dof", "q_deg_left_5dof": [-57.34232065479056, 0.26737967914438343, -38.73170731707317, 98.5014985014985, 40.759240759240754], "tag_id": 1, "decision_margin": 51.72832489013672, "hamming": 0, "pose_err": 5.937889018326007e-08, "T_cam_tag": [[-0.9148664549819742, 0.24523485645746868, -0.32074793019908976, -0.08741508461774687], [-0.12031693202088722, -0.9239049077013839, -0.3632128265829538, -0.023532530476772458], [-0.3854130322365821, -0.29369982414632534, 0.8747555132027582, 0.25219955185648263], [0.0, 0.0, 0.0, 1.0]], "camera_params": [645.489013671875, 644.6547241210938, 642.4880981445312, 362.65289306640625], "tag_size_m": 0.04}
{"t": 1772104653.469498, "arm_profile": "so-arm-5dof", "q_deg_left_5dof": [-62.0606644198363, 10.962566844919792, -27.609756097560975, 98.40159840159842, 40.759240759240754], "tag_id": 1, "decision_margin": 56.297874450683594, "hamming": 0, "pose_err": 2.9810511931390415e-08, "T_cam_tag": [[-0.9481010182531727, -0.07967919405125432, -0.30782411410193233, -0.08758182115259429], [0.12715102830693603, -0.9823270266881402, -0.1373543906780063, 0.04158865157483377], [-0.29143965960003737, -0.16936599030909424, 0.9414765457189225, 0.25415833324283593], [0.0, 0.0, 0.0, 1.0]], "camera_params": [645.489013671875, 644.6547241210938, 642.4880981445312, 362.65289306640625], "tag_size_m": 0.04}
{"t": 1772104658.0104368, "arm_profile": "so-arm-5dof", "q_deg_left_5dof": [-61.96437168993741, 24.688057040998217, -27.41463414634147, 98.10189810189812, 40.65934065934067], "tag_id": 1, "decision_margin": 54.71207046508789, "hamming": 0, "pose_err": 4.8343050796876534e-08, "T_cam_tag": [[-0.9286447612813815, -0.2765602505916601, -0.2472515624567893, -0.08614515138557355], [0.2902843005551446, -0.9567286410506564, -0.020132864788051062, 0.08376337235004525], [-0.23098470121602424, -0.0904695262839457, 0.9687421393839035, 0.26607830134363913], [0.0, 0.0, 0.0, 1.0]], "camera_params": [645.489013671875, 644.6547241210938, 642.4880981445312, 362.65289306640625], "tag_size_m": 0.04}
{"t": 1772104662.73973, "arm_profile": "so-arm-5dof", "q_deg_left_5dof": [-52.04622051035147, -25.401069518716582, -0.5853658536585442, 98.40159840159842, 40.759240759240754], "tag_id": 1, "decision_margin": 54.43607711791992, "hamming": 0, "pose_err": 1.5596543733035174e-08, "T_cam_tag": [[-0.9715523763252032, 0.12293134371529824, -0.20242002072226312, -0.032690618338137634], [-0.06317049748318937, -0.9582776239443782, -0.2787713824897433, 0.0109552120157046], [-0.22824431713533763, -0.2580540256997894, 0.9387825368612029, 0.24849216975710836], [0.0, 0.0, 0.0, 1.0]], "camera_params": [645.489013671875, 644.6547241210938, 642.4880981445312, 362.65289306640625], "tag_size_m": 0.04}
{"t": 1772104666.4143298, "arm_profile": "so-arm-5dof", "q_deg_left_5dof": [-51.949927780452576, -32.085561497326196, 28.39024390243904, 92.4075924075924, 40.759240759240754], "tag_id": 1, "decision_margin": 55.31652069091797, "hamming": 0, "pose_err": 3.4673371013532646e-08, "T_cam_tag": [[-0.9830782873816672, -0.08108103267160133, -0.16426486848877492, -0.00661682023617765], [0.1045298075553911, -0.9846834928387065, -0.13954188712855475, 0.06867662520205092], [-0.15043470414489038, -0.1543511745075888, 0.9764963464944285, 0.24997448549146745], [0.0, 0.0, 0.0, 1.0]], "camera_params": [645.489013671875, 644.6547241210938, 642.4880981445312, 362.65289306640625], "tag_size_m": 0.04}
{"t": 1772104670.2153647, "arm_profile": "so-arm-5dof", "q_deg_left_5dof": [-52.04622051035147, -35.56149732620321, 49.365853658536594, 76.62337662337663, 40.759240759240754], "tag_id": 1, "decision_margin": 48.35609817504883, "hamming": 0, "pose_err": 3.0618386998248525e-08, "T_cam_tag": [[-0.9799435271322953, -0.10914790521961826, -0.16672557817469524, -0.0011890350592817511], [0.13057168416500353, -0.9837236809380518, -0.12344535169865639, 0.10800658439656304], [-0.15053809792152872, -0.14273911288732188, 0.9782452794296064, 0.2593321145385796], [0.0, 0.0, 0.0, 1.0]], "camera_params": [645.489013671875, 644.6547241210938, 642.4880981445312, 362.65289306640625], "tag_size_m": 0.04}
{"t": 1772104679.8895228, "arm_profile": "so-arm-5dof", "q_deg_left_5dof": [-43.47616754935002, -25.84670231729055, -29.5609756097561, 91.80819180819182, 42.557442557442556], "tag_id": 1, "decision_margin": 37.99433898925781, "hamming": 0, "pose_err": 1.4462438536527187e-08, "T_cam_tag": [[-0.8520058939366723, 0.5043705909110627, -0.14034337790290563, -0.03981290979113633], [-0.32506134406697945, -0.7197860770207469, -0.6133866039623401, -0.0825043561270677], [-0.410391373313988, -0.47698879478569445, 0.7772133621846381, 0.255431838223815], [0.0, 0.0, 0.0, 1.0]], "camera_params": [645.489013671875, 644.6547241210938, 642.4880981445312, 362.65289306640625], "tag_size_m": 0.04}
{"t": 1772104682.6575363, "arm_profile": "so-arm-5dof", "q_deg_left_5dof": [-43.47616754935002, -25.84670231729055, -29.5609756097561, 91.80819180819182, 15.784215784215789], "tag_id": 1, "decision_margin": 43.80911636352539, "hamming": 0, "pose_err": 1.1851833769805867e-08, "T_cam_tag": [[-0.7508747633656883, 0.6195577265348498, 0.22876912648233302, -0.054495025432531805], [-0.6589492531313037, -0.6794984563896249, -0.32259530306843326, -0.10494300507099132], [-0.04441814424555124, -0.39297591688942646, 0.9184753438207779, 0.25790221530588925], [0.0, 0.0, 0.0, 1.0]], "camera_params": [645.489013671875, 644.6547241210938, 642.4880981445312, 362.65289306640625], "tag_size_m": 0.04}
{"t": 1772104693.7639568, "arm_profile": "so-arm-5dof", "q_deg_left_5dof": [-3.899855560905152, -57.84313725490196, 18.341463414634134, 98.5014985014985, 49.45054945054946], "tag_id": 1, "decision_margin": 52.54166793823242, "hamming": 0, "pose_err": 4.343973870777404e-08, "T_cam_tag": [[-0.9132340783233561, 0.1430963021081424, 0.38147996869018763, 0.051434581631949215], [-0.3031174668981518, -0.8642691589150777, -0.4014456653265444, -0.005626368671765596], [0.2722559814772473, -0.48224710395314885, 0.8326550373826256, 0.30150903487423464], [0.0, 0.0, 0.0, 1.0]], "camera_params": [645.489013671875, 644.6547241210938, 642.4880981445312, 362.65289306640625], "tag_size_m": 0.04}
{"t": 1772104696.8981144, "arm_profile": "so-arm-5dof", "q_deg_left_5dof": [4.766490129995191, -57.04099821746881, 18.829268292682926, 98.5014985014985, 50.64935064935065], "tag_id": 1, "decision_margin": 47.162139892578125, "hamming": 0, "pose_err": 5.036283451679331e-08, "T_cam_tag": [[-0.8612296111735555, 0.10321247519449425, 0.4976251016599466, 0.06469341145001727], [-0.3187355536490068, -0.8723489975465031, -0.37069512179103814, -0.005716198353096882], [0.3958423975244535, -0.4778644278912558, 0.7841902733892172, 0.31106724767534183], [0.0, 0.0, 0.0, 1.0]], "camera_params": [645.489013671875, 644.6547241210938, 642.4880981445312, 362.65289306640625], "tag_size_m": 0.04}
{"t": 1772104701.3973215, "arm_profile": "so-arm-5dof", "q_deg_left_5dof": [-6.499759268175254, -58.55614973262032, 37.26829268292684, 98.60139860139861, 50.64935064935065], "tag_id": 1, "decision_margin": 54.986419677734375, "hamming": 0, "pose_err": 3.208094798815902e-08, "T_cam_tag": [[-0.9389006133384442, 0.07357891858415222, 0.3362317370693605, 0.05084324674828316], [-0.14627287962100036, -0.9695765645854403, -0.19627921462568387, 0.04549263176775127], [0.3115604001796012, -0.23346825939874913, 0.9210986314685551, 0.29750329448693186], [0.0, 0.0, 0.0, 1.0]], "camera_params": [645.489013671875, 644.6547241210938, 642.4880981445312, 362.65289306640625], "tag_size_m": 0.04}
{"t": 1772104704.4664865, "arm_profile": "so-arm-5dof", "q_deg_left_5dof": [-55.6090515166105, -91.17647058823529, 37.26829268292684, 98.70129870129873, 51.54845154845157], "tag_id": 1, "decision_margin": 36.0775260925293, "hamming": 0, "pose_err": 2.2081531126366177e-08, "T_cam_tag": [[-0.7824341678559947, 0.4689435125476923, -0.40974230317472593, 0.03492906320579681], [-0.17025691398490644, -0.7939950712943785, -0.5835961017695116, 0.03606759728609441], [-0.5990069750944749, -0.38686407018443353, 0.7010897481695911, 0.21045492153240447], [0.0, 0.0, 0.0, 1.0]], "camera_params": [645.489013671875, 644.6547241210938, 642.4880981445312, 362.65289306640625], "tag_size_m": 0.04}
{"t": 1772104707.664744, "arm_profile": "so-arm-5dof", "q_deg_left_5dof": [-55.705344246509384, -64.1711229946524, -2.243902439024396, 98.90109890109892, 51.54845154845157], "tag_id": 1, "decision_margin": 35.832237243652344, "hamming": 0, "pose_err": 1.3979281777104517e-08, "T_cam_tag": [[-0.72085438502976, 0.5644870256609087, -0.40214842215762536, 0.027892461054463354], [-0.1843591475765365, -0.7154925776423808, -0.6738561241418785, -0.036023640257225785], [-0.6681172504046127, -0.41161240165860224, 0.6198343089186157, 0.19356701140719546], [0.0, 0.0, 0.0, 1.0]], "camera_params": [645.489013671875, 644.6547241210938, 642.4880981445312, 362.65289306640625], "tag_size_m": 0.04}
{"t": 1772104711.5854287, "arm_profile": "so-arm-5dof", "q_deg_left_5dof": [-40.68367838228214, -56.23885918003565, -18.829268292682926, 99.000999000999, 42.15784215784214], "tag_id": 1, "decision_margin": 36.9265022277832, "hamming": 0, "pose_err": 3.500268648000094e-09, "T_cam_tag": [[-0.7784265897813765, 0.6206293976776227, -0.09418702171556254, 0.02405455959051353], [-0.3849564932198829, -0.5904804675678804, -0.7093245489539101, -0.07959353693121396], [-0.495843264196648, -0.5158991841039572, 0.6985610132205233, 0.20637109295132583], [0.0, 0.0, 0.0, 1.0]], "camera_params": [645.489013671875, 644.6547241210938, 642.4880981445312, 362.65289306640625], "tag_size_m": 0.04}
{"t": 1772104718.740976, "arm_profile": "so-arm-5dof", "q_deg_left_5dof": [-54.164660568127104, -99.19786096256685, 47.70731707317074, 93.6063936063936, 53.046953046953035], "tag_id": 1, "decision_margin": 30.645870208740234, "hamming": 0, "pose_err": 2.3116931031032987e-08, "T_cam_tag": [[-0.7653217317794389, 0.47202302218456904, -0.4375807507122163, 0.031262666430625724], [-0.14154787203416325, -0.7866296629696796, -0.6009808426720514, 0.04725370854622871], [-0.6278907920878607, -0.39800507517361516, 0.6688386302743915, 0.21994390910705056], [0.0, 0.0, 0.0, 1.0]], "camera_params": [645.489013671875, 644.6547241210938, 642.4880981445312, 362.65289306640625], "tag_size_m": 0.04}
{"t": 1772104722.048358, "arm_profile": "so-arm-5dof", "q_deg_left_5dof": [-27.202696196437174, -77.80748663101605, 26.829268292682926, 93.50649350649351, 37.46253746253748], "tag_id": 1, "decision_margin": 48.9372673034668, "hamming": 0, "pose_err": 2.197789751419468e-08, "T_cam_tag": [[-0.8890398022222388, 0.4422075386327633, 0.11857791885927196, 0.02576625614926643], [-0.43932830585868154, -0.7511174500182626, -0.4927608100786861, -0.01012112400961809], [-0.12883660091753352, -0.4901786093399174, 0.862047597995378, 0.2551210638262367], [0.0, 0.0, 0.0, 1.0]], "camera_params": [645.489013671875, 644.6547241210938, 642.4880981445312, 362.65289306640625], "tag_size_m": 0.04}
{"t": 1772104728.5419416, "arm_profile": "so-arm-5dof", "q_deg_left_5dof": [-2.936928261916222, -71.03386809269162, 26.63414634146342, 85.5144855144855, 38.66133866133865], "tag_id": 1, "decision_margin": 46.54816436767578, "hamming": 0, "pose_err": 2.6213111903653437e-08, "T_cam_tag": [[-0.8303989884976322, 0.30569667332968875, 0.4658187027345204, 0.045892334754472165], [-0.5219860090001519, -0.7192202427062422, -0.458533367258772, -0.029050723916730782], [0.1948541154561616, -0.6239164899221177, 0.7568091485262719, 0.3066776820839819], [0.0, 0.0, 0.0, 1.0]], "camera_params": [645.489013671875, 644.6547241210938, 642.4880981445312, 362.65289306640625], "tag_size_m": 0.04}
{"t": 1772104731.68341, "arm_profile": "so-arm-5dof", "q_deg_left_5dof": [-7.270101107366386, -59.80392156862745, -2.0487804878048763, 85.91408591408592, 39.86013986013987], "tag_id": 1, "decision_margin": 38.70045852661133, "hamming": 0, "pose_err": 2.282534240628391e-08, "T_cam_tag": [[-0.833308891383587, 0.3932503248544248, 0.3885234530153181, 0.03957643087094245], [-0.5511101928046317, -0.535935396200349, -0.6395707986504829, -0.0900281332980359], [-0.043287953611814256, -0.7470792682851426, 0.6633239932119426, 0.2815871004967591], [0.0, 0.0, 0.0, 1.0]], "camera_params": [645.489013671875, 644.6547241210938, 642.4880981445312, 362.65289306640625], "tag_size_m": 0.04}
{"t": 1772104737.2164407, "arm_profile": "so-arm-5dof", "q_deg_left_5dof": [-0.8184882041405928, -55.70409982174688, -5.756097560975618, 85.91408591408592, 39.86013986013987], "tag_id": 1, "decision_margin": 38.46311569213867, "hamming": 0, "pose_err": 5.4135751167527466e-08, "T_cam_tag": [[-0.8227969650638827, 0.3266773888982644, 0.46506670259681676, 0.04829644427812701], [-0.5659316983186231, -0.546121431426206, -0.617634758554917, -0.09734023676974751], [0.05221558311330898, -0.7713839936890082, 0.6342241458353137, 0.29459299609283296], [0.0, 0.0, 0.0, 1.0]], "camera_params": [645.489013671875, 644.6547241210938, 642.4880981445312, 362.65289306640625], "tag_size_m": 0.04}
{"t": 1772104741.4230075, "arm_profile": "so-arm-5dof", "q_deg_left_5dof": [-45.402022147327884, -79.23351158645276, -6.243902439024396, 97.2027972027972, 40.859140859140865], "tag_id": 1, "decision_margin": 34.14662551879883, "hamming": 0, "pose_err": 1.604706235222012e-08, "T_cam_tag": [[-0.6371109659803168, 0.769452074480619, -0.0450901553013382, 0.052659077359947626], [-0.44691934375208375, -0.41644749881086485, -0.7917288556787492, -0.06558308347686184], [-0.6279750928244159, -0.4842674734190254, 0.6092062844230348, 0.1787348440825095], [0.0, 0.0, 0.0, 1.0]], "camera_params": [645.489013671875, 644.6547241210938, 642.4880981445312, 362.65289306640625], "tag_size_m": 0.04}
{"t": 1772104748.3543766, "arm_profile": "so-arm-5dof", "q_deg_left_5dof": [-48.09821858449686, -88.14616755793226, -0.19512195121950526, 99.000999000999, 38.061938061938065], "tag_id": 1, "decision_margin": 36.1961555480957, "hamming": 0, "pose_err": 2.071357657193087e-09, "T_cam_tag": [[-0.5808866505022661, 0.8131104621022789, -0.03771041882659987, 0.06218043993933898], [-0.4875636705066925, -0.384666017080198, -0.7837816803840838, -0.05272912336276709], [-0.6518070009368573, -0.436902084823906, 0.6198904756537433, 0.17281757946796647], [0.0, 0.0, 0.0, 1.0]], "camera_params": [645.489013671875, 644.6547241210938, 642.4880981445312, 362.65289306640625], "tag_size_m": 0.04}
{"t": 1772104765.5150948, "arm_profile": "so-arm-5dof", "q_deg_left_5dof": [-2.455464612421764, -90.37433155080214, 82.92682926829269, 59.640359640359634, 65.33466533466535], "tag_id": 1, "decision_margin": 42.42682647705078, "hamming": 0, "pose_err": 3.370864641006411e-08, "T_cam_tag": [[-0.9798200345980912, 0.1561552010583856, 0.12477280546100564, 0.04728467093784227], [-0.19810016918276174, -0.8418080112636124, -0.5021111382375061, 0.07529973753478134], [0.026627481479778142, -0.5166960667111933, 0.8557547264696972, 0.3410068707118619], [0.0, 0.0, 0.0, 1.0]], "camera_params": [645.489013671875, 644.6547241210938, 642.4880981445312, 362.65289306640625], "tag_size_m": 0.04}
{"t": 1772104784.4055302, "arm_profile": "so-arm-5dof", "q_deg_left_5dof": [-25.758305247953786, -47.77183600713012, 23.414634146341456, 92.00799200799202, 2.297702297702301], "tag_id": 1, "decision_margin": 63.71483612060547, "hamming": 0, "pose_err": 2.4929019719735655e-08, "T_cam_tag": [[-0.6589471002637876, 0.44317602078863777, 0.6077694741033772, -0.0074535387826613515], [-0.48627489082588676, -0.8674379465686712, 0.10530023459137651, -0.007714691188057604], [0.5738688435576711, -0.22615575042584216, 0.7871010906758454, 0.30835850817478], [0.0, 0.0, 0.0, 1.0]], "camera_params": [645.489013671875, 644.6547241210938, 642.4880981445312, 362.65289306640625], "tag_size_m": 0.04}
{"t": 1772104788.7265348, "arm_profile": "so-arm-5dof", "q_deg_left_5dof": [-40.29850746268657, -71.3903743315508, 27.902439024390247, 92.00799200799202, 75.22477522477521], "tag_id": 1, "decision_margin": 37.70585632324219, "hamming": 0, "pose_err": 2.3457204564904763e-08, "T_cam_tag": [[-0.8278514610506026, 0.19184208457231933, -0.5271229202219629, 0.03920698703430362], [0.1361151202176736, -0.8429164040270929, -0.5205426110033293, 0.024056163513708918], [-0.5441825359973538, -0.5026813607137053, 0.6716969682129783, 0.2473724991972766], [0.0, 0.0, 0.0, 1.0]], "camera_params": [645.489013671875, 644.6547241210938, 642.4880981445312, 362.65289306640625], "tag_size_m": 0.04}
{"t": 1772104796.6984136, "arm_profile": "so-arm-5dof", "q_deg_left_5dof": [-63.21617717862301, -58.64527629233511, -1.4634146341463463, 93.1068931068931, 43.95604395604394], "tag_id": 1, "decision_margin": 41.67393493652344, "hamming": 0, "pose_err": 2.699503610828997e-08, "T_cam_tag": [[-0.6817469970982741, 0.5501859257461026, -0.48219962573439434, 0.008336929438211276], [-0.24936650247804606, -0.794401065171724, -0.5538441072142021, -0.03953260066949463], [-0.6877771291554793, -0.25733712278824805, 0.6787784806884448, 0.1827305732607648], [0.0, 0.0, 0.0, 1.0]], "camera_params": [645.489013671875, 644.6547241210938, 642.4880981445312, 362.65289306640625], "tag_size_m": 0.04}
{"t": 1772104819.280645, "arm_profile": "so-arm-5dof", "q_deg_left_5dof": [-31.054405392392866, -59.62566844919786, 4.097560975609753, 99.000999000999, 27.972027972027973], "tag_id": 1, "decision_margin": 52.61836624145508, "hamming": 0, "pose_err": 2.740874302991426e-10, "T_cam_tag": [[-0.8498217634920932, 0.506084994862202, 0.1472445186433578, 0.010792592409006364], [-0.5264910114126489, -0.801996847349389, -0.28214937842094673, -0.04623222479282378], [-0.024701926987087064, -0.31729959788339684, 0.9480035759353227, 0.24670365357934423], [0.0, 0.0, 0.0, 1.0]], "camera_params": [645.489013671875, 644.6547241210938, 642.4880981445312, 362.65289306640625], "tag_size_m": 0.04}
{"t": 1772104824.7992656, "arm_profile": "so-arm-5dof", "q_deg_left_5dof": [-77.37120847376023, -23.440285204991085, 4.097560975609753, 79.92007992007993, 25.574425574425575], "tag_id": 1, "decision_margin": 59.855194091796875, "hamming": 0, "pose_err": 8.335711106290956e-08, "T_cam_tag": [[-0.8769487903980618, 0.1508586698426867, -0.4562921002523186, -0.07722600680746336], [-0.14570730029283685, -0.9882253671615814, -0.046690538010729275, 0.027605042770496375], [-0.4579631007633146, 0.025539879241170058, 0.888604249881575, 0.18640073524917122], [0.0, 0.0, 0.0, 1.0]], "camera_params": [645.489013671875, 644.6547241210938, 642.4880981445312, 362.65289306640625], "tag_size_m": 0.04}
{"t": 1772104828.3711934, "arm_profile": "so-arm-5dof", "q_deg_left_5dof": [-83.14877226769379, -7.3083778966131945, -2.9268292682926926, 63.636363636363654, 25.574425574425575], "tag_id": 1, "decision_margin": 57.29073715209961, "hamming": 0, "pose_err": 2.1657939440106046e-08, "T_cam_tag": [[-0.8040086045344887, 0.1741103093110022, -0.5685558583166053, -0.12378535549769072], [-0.17057598473776892, -0.9835179126422251, -0.05996956680367642, 0.04031223890986958], [-0.5696261908174913, 0.04876592769042071, 0.8204559019418702, 0.17189917644266367], [0.0, 0.0, 0.0, 1.0]], "camera_params": [645.489013671875, 644.6547241210938, 642.4880981445312, 362.65289306640625], "tag_size_m": 0.04}
{"t": 1772104834.9006758, "arm_profile": "so-arm-5dof", "q_deg_left_5dof": [-81.12662493981705, 9.358288770053463, -14.731707317073173, 64.23576423576424, 47.45254745254746], "tag_id": 1, "decision_margin": 52.0013542175293, "hamming": 0, "pose_err": 1.969651916568286e-08, "T_cam_tag": [[-0.6708619686893839, 0.006932513418272557, -0.7415498359678261, -0.12962734758584882], [0.0817037161908249, -0.9931778393222555, -0.08320025384446961, 0.07185192871334198], [-0.7370676507124794, -0.11640326342882523, 0.6657188284375816, 0.1945420341170529], [0.0, 0.0, 0.0, 1.0]], "camera_params": [645.489013671875, 644.6547241210938, 642.4880981445312, 362.65289306640625], "tag_size_m": 0.04}
{"t": 1772104837.2713296, "arm_profile": "so-arm-5dof", "q_deg_left_5dof": [-61.96437168993741, 9.447415329768276, -36.97560975609756, 61.63836163836163, 54.74525474525473], "tag_id": 1, "decision_margin": 41.87520217895508, "hamming": 0, "pose_err": 4.23572540439371e-07, "T_cam_tag": [[-0.7266875481310064, 0.2846330548682964, -0.6252273438259777, -0.15378283095022677], [-0.009947240533237978, -0.9143900368642103, -0.4047121358314348, -0.026683190469983485], [-0.6868961055335223, -0.2878799829092137, 0.667307167384759, 0.2704452523627199], [0.0, 0.0, 0.0, 1.0]], "camera_params": [645.489013671875, 644.6547241210938, 642.4880981445312, 362.65289306640625], "tag_size_m": 0.04}
{"t": 1772104841.3869288, "arm_profile": "so-arm-5dof", "q_deg_left_5dof": [-49.92778045257583, 14.171122994652393, -50.63414634146341, 65.83416583416584, 61.33866133866135], "tag_id": 1, "decision_margin": 38.89407730102539, "hamming": 0, "pose_err": 1.952694670869171e-08, "T_cam_tag": [[-0.7799702099553536, 0.2911354594379376, -0.5539734793652694, -0.13383709137192745], [-0.007282483740931267, -0.889363391184364, -0.45714300153410603, -0.05159775007691445], [-0.6257742700149669, -0.3525236200297926, 0.6957971401984387, 0.314820603442511], [0.0, 0.0, 0.0, 1.0]], "camera_params": [645.489013671875, 644.6547241210938, 642.4880981445312, 362.65289306640625], "tag_size_m": 0.04}
{"t": 1772104852.1189048, "arm_profile": "so-arm-5dof", "q_deg_left_5dof": [-51.27587867116033, 7.219251336898395, -50.63414634146341, 65.73426573426573, 44.95504495504497], "tag_id": 1, "decision_margin": 40.331329345703125, "hamming": 0, "pose_err": 7.785095507194049e-08, "T_cam_tag": [[-0.7930418368725947, 0.45747197894005076, -0.4022487208859895, -0.13715333887565262], [-0.2590802911237846, -0.850920894853165, -0.4569584592208607, -0.08637281322608625], [-0.5513275321630111, -0.2581724601636698, 0.7933378429723885, 0.2892525597881971], [0.0, 0.0, 0.0, 1.0]], "camera_params": [645.489013671875, 644.6547241210938, 642.4880981445312, 362.65289306640625], "tag_size_m": 0.04}