{"t": 1772248126.4700146, "arm_profile": "so-arm-5dof", "q_deg_left_5dof": [-2.262879152623981, -7.3083778966131945, 11.317073170731717, 92.1078921078921, 43.45654345654347], "tag_id": 1, "decision_margin": 65.45074462890625, "hamming": 0, "pose_err": 3.904068205471143e-08, "T_cam_tag": [[-0.8534375056354835, -0.07521092983961217, 0.5157399926390671, 0.04665957870129962], [0.03628267423630313, -0.9957060285797853, -0.08516497049922704, 0.04188304495404291], [0.5199307564714232, -0.05397055384682324, 0.8525017230437255, 0.26963214944943525], [0.0, 0.0, 0.0, 1.0]], "camera_params": [645.489013671875, 644.6547241210938, 642.4880981445312, 362.65289306640625], "tag_size_m": 0.04}
{"t": 1772248134.1257834, "arm_profile": "so-arm-5dof", "q_deg_left_5dof": [-4.670197400096285, -56.23885918003565, 44.78048780487805, 98.40159840159842, 50.249750249750235], "tag_id": 1, "decision_margin": 60.835418701171875, "hamming": 0, "pose_err": 1.128504864321931e-08, "T_cam_tag": [[-0.947289478358234, -0.0044976376862075895, 0.3203473356327918, 0.06820937317750239], [-0.03537886457015976, -0.9923176314931373, -0.11854979615999514, 0.06774989927211965], [0.3184195033811705, -0.12363449956664085, 0.9398529301882264, 0.20428418928563793], [0.0, 0.0, 0.0, 1.0]], "camera_params": [645.489013671875, 644.6547241210938, 642.4880981445312, 362.65289306640625], "tag_size_m": 0.04}
{"t": 1772248147.489701, "arm_profile": "so-arm-5dof", "q_deg_left_5dof": [-43.18728935965335, -32.174688057040996, 23.512195121951223, 92.20779220779221, 32.06793206793205], "tag_id": 1, "decision_margin": 65.10749053955078, "hamming": 0, "pose_err": 2.0182960687096262e-08, "T_cam_tag": [[-0.9996275144083878, -0.02583040317687496, 0.008810375101469032, -0.004074644606871026], [0.02487428134509201, -0.9951363688423049, -0.09531462392999857, 0.05577368996540279], [0.011229539851378617, -0.09505996885688495, 0.9954082075991008, 0.17285793512316028], [0.0, 0.0, 0.0, 1.0]], "camera_params": [645.489013671875, 644.6547241210938, 642.4880981445312, 362.65289306640625], "tag_size_m": 0.04}
{"t": 1772248151.820129, "arm_profile": "so-arm-5dof", "q_deg_left_5dof": [-61.001444390948485, 1.5151515151515156, -14.63414634146342, 92.20779220779221, 22.77722277722279], "tag_id": 1, "decision_margin": 60.49123001098633, "hamming": 0, "pose_err": 7.908443732701104e-08, "T_cam_tag": [[-0.9933147104679771, -0.04890697919626574, -0.10456573699742586, -0.08075911792804868], [0.053340471684366786, -0.997773714419192, -0.04003009985770989, 0.050894868054741214], [-0.10237519254393647, -0.045340072783631453, 0.9937120295898441, 0.15148696566333436], [0.0, 0.0, 0.0, 1.0]], "camera_params": [645.489013671875, 644.6547241210938, 642.4880981445312, 362.65289306640625], "tag_size_m": 0.04}
{"t": 1772248154.8880212, "arm_profile": "so-arm-5dof", "q_deg_left_5dof": [-64.17910447761194, 16.934046345811055, -38.34146341463415, 92.20779220779221, 21.978021978021985], "tag_id": 1, "decision_margin": 63.13942337036133, "hamming": 0, "pose_err": 5.1174029329894774e-08, "T_cam_tag": [[-0.9773304291771509, 0.016100561905863175, -0.21110661787523813, -0.11850140000800244], [-0.004271136583188062, -0.9984006990898093, -0.05637199170925205, 0.04280680690350766], [-0.21167661561139461, -0.054192397652214064, 0.9758361514311766, 0.14690858085810535], [0.0, 0.0, 0.0, 1.0]], "camera_params": [645.489013671875, 644.6547241210938, 642.4880981445312, 362.65289306640625], "tag_size_m": 0.04}
{"t": 1772248158.5795386, "arm_profile": "so-arm-5dof", "q_deg_left_5dof": [-60.8088589311507, 2.5846702317290635, -38.34146341463415, 98.40159840159842, 21.978021978021985], "tag_id": 1, "decision_margin": 64.14634704589844, "hamming": 0, "pose_err": 8.916162550113307e-08, "T_cam_tag": [[-0.9718719089325804, 0.15346513658083666, -0.1786433443539597, -0.09457497835390608], [-0.13335798890031467, -0.9838186411906167, -0.11965169469051473, -0.003003307861575207], [-0.19411501596786845, -0.09246260379241836, 0.9766115028381145, 0.13620328059109604], [0.0, 0.0, 0.0, 1.0]], "camera_params": [645.489013671875, 644.6547241210938, 642.4880981445312, 362.65289306640625], "tag_size_m": 0.04}
{"t": 1772248162.1226804, "arm_profile": "so-arm-5dof", "q_deg_left_5dof": [-49.25373134328358, -37.61140819964349, 1.3658536585365937, 98.5014985014985, 21.978021978021985], "tag_id": 1, "decision_margin": 69.08158111572266, "hamming": 0, "pose_err": 6.818529429014558e-08, "T_cam_tag": [[-0.9646476248848581, 0.259677120240544, -0.04497502671016227, -0.021644460971358897], [-0.25034580229394254, -0.9562262957033674, -0.15151980292759995, -0.005335114137695818], [-0.08235252927387239, -0.13490390887218404, 0.9874305020066989, 0.14176583176059987], [0.0, 0.0, 0.0, 1.0]], "camera_params": [645.489013671875, 644.6547241210938, 642.4880981445312, 362.65289306640625], "tag_size_m": 0.04}
{"t": 1772248166.879193, "arm_profile": "so-arm-5dof", "q_deg_left_5dof": [-7.7515647568608586, -64.97326203208556, 23.80487804878048, 98.90109890109892, 68.43156843156842], "tag_id": 1, "decision_margin": 54.315452575683594, "hamming": 0, "pose_err": 2.0694083763765277e-08, "T_cam_tag": [[-0.9973352674677931, -0.007696407332306865, -0.07254742985882345, 0.07295804357163532], [0.03813766300444066, -0.902725282786505, -0.42852372452243953, 0.019900282382637555], [-0.062192305999258596, -0.4301486128446762, 0.9006132843470028, 0.18858529164916465], [0.0, 0.0, 0.0, 1.0]], "camera_params": [645.489013671875, 644.6547241210938, 642.4880981445312, 362.65289306640625], "tag_size_m": 0.04}
{"t": 1772248176.9459956, "arm_profile": "so-arm-5dof", "q_deg_left_5dof": [25.854597977852677, -68.18181818181819, 23.121951219512198, 98.90109890109892, 80.7192807192807], "tag_id": 1, "decision_margin": 41.83940887451172, "hamming": 0, "pose_err": 3.486542540385268e-08, "T_cam_tag": [[-0.9499997814622496, -0.16786126377429644, 0.26329263443130113, 0.12330411344311673], [0.02917583740720353, -0.8872395230847362, -0.460385489766955, 0.012980624248586547], [0.31088452154018076, -0.4296843315743159, 0.8477748459740158, 0.20649989162480797], [0.0, 0.0, 0.0, 1.0]], "camera_params": [645.489013671875, 644.6547241210938, 642.4880981445312, 362.65289306640625], "tag_size_m": 0.04}
{"t": 1772248180.197463, "arm_profile": "so-arm-5dof", "q_deg_left_5dof": [14.395763119884435, -51.06951871657754, -2.146341463414643, 93.00699300699301, 75.52447552447552], "tag_id": 1, "decision_margin": 45.60614776611328, "hamming": 0, "pose_err": 6.951961012912896e-08, "T_cam_tag": [[-0.9856084128120619, -0.09791048496061305, 0.13780273411244726, 0.1027262674822388], [-0.0037222742267882802, -0.8024181739925023, -0.5967505498289207, -0.04568391064977265], [0.16900355401194633, -0.5886753018271755, 0.7905056532056016, 0.2162462050854237], [0.0, 0.0, 0.0, 1.0]], "camera_params": [645.489013671875, 644.6547241210938, 642.4880981445312, 362.65289306640625], "tag_size_m": 0.04}
{"t": 1772248182.539952, "arm_profile": "so-arm-5dof", "q_deg_left_5dof": [-4.5739046701974075, -44.830659536541894, -2.243902439024396, 78.52147852147851, 74.02597402597402], "tag_id": 1, "decision_margin": 45.87923812866211, "hamming": 0, "pose_err": 1.3646425087959306e-08, "T_cam_tag": [[-0.9913025032799426, 0.036949877802868236, -0.12630935642806793, 0.05845215826457187], [0.05788913639519572, -0.7395051457676358, -0.6706571309324951, -0.062320610524037], [-0.11818711807273252, -0.6721360322981804, 0.7309343056719402, 0.22708922444469753], [0.0, 0.0, 0.0, 1.0]], "camera_params": [645.489013671875, 644.6547241210938, 642.4880981445312, 362.65289306640625], "tag_size_m": 0.04}
{"t": 1772248185.5760796, "arm_profile": "so-arm-5dof", "q_deg_left_5dof": [-29.610014443909478, -37.254901960784316, -2.243902439024396, 71.72827172827172, 74.02597402597402], "tag_id": 1, "decision_margin": 40.60234832763672, "hamming": 0, "pose_err": 2.2278763079703637e-09, "T_cam_tag": [[-0.8542570193930903, 0.17330541095269297, -0.4901124150153229, 0.0035932734587188807], [0.19308588136555602, -0.7695717481954942, -0.6086683553435461, -0.04793976163005475], [-0.48266218749237066, -0.6145930026561066, 0.6239492398033919, 0.2025107002884491], [0.0, 0.0, 0.0, 1.0]], "camera_params": [645.489013671875, 644.6547241210938, 642.4880981445312, 362.65289306640625], "tag_size_m": 0.04}
{"t": 1772248191.2740939, "arm_profile": "so-arm-5dof", "q_deg_left_5dof": [-42.32065479056332, -17.20142602495544, -2.146341463414643, 36.86313686313687, 89.21078921078922], "tag_id": 1, "decision_margin": 31.411876678466797, "hamming": 0, "pose_err": 1.2027960866532882e-08, "T_cam_tag": [[-0.6440171678443201, 0.27436663334245387, -0.714118224126866, -0.0726121431130983], [0.4272080711658316, -0.6453797093606204, -0.6332284695718999, -0.04554409769664974], [-0.6346141752691561, -0.7128870746856953, 0.2984239723841246, 0.23399787972124195], [0.0, 0.0, 0.0, 1.0]], "camera_params": [645.489013671875, 644.6547241210938, 642.4880981445312, 362.65289306640625], "tag_size_m": 0.04}
{"t": 1772248198.3197608, "arm_profile": "so-arm-5dof", "q_deg_left_5dof": [18.632643235435722, -61.140819964349376, -2.243902439024396, 98.90109890109892, 60.73926073926074], "tag_id": 1, "decision_margin": 50.01939010620117, "hamming": 0, "pose_err": 4.697679861291251e-08, "T_cam_tag": [[-0.9289306357655766, 0.021672298884756913, 0.36961897326464593, 0.0990658272440533], [-0.23484009281783763, -0.8062752773574035, -0.5429275346927538, -0.04901243022414648], [0.2862481523808855, -0.5911433739654804, 0.7540633306793518, 0.1940120858082219], [0.0, 0.0, 0.0, 1.0]], "camera_params": [645.489013671875, 644.6547241210938, 642.4880981445312, 362.65289306640625], "tag_size_m": 0.04}
{"t": 1772248212.8421845, "arm_profile": "so-arm-5dof", "q_deg_left_5dof": [-9.003370245546463, -52.94117647058824, 3.9024390243902474, 61.83816183816185, 77.72227772227774], "tag_id": 1, "decision_margin": 33.58137893676758, "hamming": 0, "pose_err": 1.2642754706382417e-08, "T_cam_tag": [[-0.9709107981734668, 0.11693397529369276, -0.20894656592577812, 0.04792470358593571], [0.1070365856363592, -0.568636251564935, -0.8155954773915134, -0.08734250083928408], [-0.2141854134283468, -0.8142353829380017, 0.539578863416956, 0.21973897607863657], [0.0, 0.0, 0.0, 1.0]], "camera_params": [645.489013671875, 644.6547241210938, 642.4880981445312, 362.65289306640625], "tag_size_m": 0.04}
{"t": 1772248214.7154768, "arm_profile": "so-arm-5dof", "q_deg_left_5dof": [6.018295618680796, -63.54723707664884, 3.9024390243902474, 74.42557442557444, 77.72227772227774], "tag_id": 1, "decision_margin": 37.929351806640625, "hamming": 0, "pose_err": 2.9100734839933992e-08, "T_cam_tag": [[-0.9994316027827188, -0.030428795386556462, -0.014510677809435081, 0.08796636051408602], [0.02950168012433224, -0.5811620076806696, -0.8132529567720088, -0.07655852803548076], [0.01631325317058885, -0.8132187954295549, 0.5817293774007772, 0.20564495172139655], [0.0, 0.0, 0.0, 1.0]], "camera_params": [645.489013671875, 644.6547241210938, 642.4880981445312, 362.65289306640625], "tag_size_m": 0.04}
{"t": 1772248218.6703758, "arm_profile": "so-arm-5dof", "q_deg_left_5dof": [12.277323062108806, -99.10873440285205, 31.21951219512195, 97.2027972027972, 79.52047952047951], "tag_id": 1, "decision_margin": 33.23008346557617, "hamming": 0, "pose_err": 6.270067687149678e-08, "T_cam_tag": [[-0.9925312836603655, -0.11094057026721449, 0.050733034842121674, 0.10851934250783032], [0.040115575040839846, -0.6895705936102465, -0.723106587625334, 0.017122816140236523], [0.11520586614686518, -0.7156707247727808, 0.6888708312220466, 0.18231829967218766], [0.0, 0.0, 0.0, 1.0]], "camera_params": [645.489013671875, 644.6547241210938, 642.4880981445312, 362.65289306640625], "tag_size_m": 0.04}
{"t": 1772248225.0174983, "arm_profile": "so-arm-5dof", "q_deg_left_5dof": [-38.27636013480982, -13.992869875222809, -8.195121951219505, 75.12487512487513, 8.491508491508483], "tag_id": 1, "decision_margin": 68.25292205810547, "hamming": 0, "pose_err": 4.874285473768046e-09, "T_cam_tag": [[-0.8883331642955895, 0.4025603178955308, 0.2209284492056975, -0.08001266154963664], [-0.4118753437104612, -0.9112302113243191, 0.004266522380759766, -0.031506898318614064], [0.203034210063169, -0.08720488762497755, 0.9752806863248857, 0.21806709242986647], [0.0, 0.0, 0.0, 1.0]], "camera_params": [645.489013671875, 644.6547241210938, 642.4880981445312, 362.65289306640625], "tag_size_m": 0.04}
{"t": 1772248227.3234453, "arm_profile": "so-arm-5dof", "q_deg_left_5dof": [-57.92007703418392, -7.219251336898395, -8.292682926829258, 68.33166833166834, 8.491508491508483], "tag_id": 1, "decision_margin": 63.807796478271484, "hamming": 0, "pose_err": 1.315828074468738e-07, "T_cam_tag": [[-0.9467866237148076, 0.31905194880450866, -0.04243752017686068, -0.12156715414803423], [-0.3180264577555733, -0.9476311896930577, -0.02922841919029262, 0.00585832143293041], [-0.04954050183595957, -0.014176822103920562, 0.998671495734646, 0.16235621791773847], [0.0, 0.0, 0.0, 1.0]], "camera_params": [645.489013671875, 644.6547241210938, 642.4880981445312, 362.65289306640625], "tag_size_m": 0.04}
{"t": 1772248229.6190073, "arm_profile": "so-arm-5dof", "q_deg_left_5dof": [-57.14973519499278, -7.3083778966131945, -15.317073170731703, 68.33166833166834, 8.491508491508483], "tag_id": 1, "decision_margin": 50.07144546508789, "hamming": 0, "pose_err": 7.98110368536038e-08, "T_cam_tag": [[-0.9106433831704858, 0.40901788735179795, -0.05859177855368163, -0.1275721120120649], [-0.4029791583923439, -0.9104921971612138, -0.09279955177663111, -0.01928488200157969], [-0.09130403380579633, -0.060896032176302815, 0.9939593787856588, 0.16003856874765413], [0.0, 0.0, 0.0, 1.0]], "camera_params": [645.489013671875, 644.6547241210938, 642.4880981445312, 362.65289306640625], "tag_size_m": 0.04}
{"t": 1772248230.860297, "arm_profile": "so-arm-5dof", "q_deg_left_5dof": [-53.394318728935964, -7.3083778966131945, -15.317073170731703, 68.33166833166834, 8.491508491508483], "tag_id": 1, "decision_margin": 50.117034912109375, "hamming": 0, "pose_err": 2.409660310942059e-07, "T_cam_tag": [[-0.9131523017884167, 0.40428592277883435, -0.05201698166351071, -0.1236813973645765], [-0.4004683476655435, -0.9135967010381059, -0.07047106051649035, -0.024787216628180633], [-0.07601300057585542, -0.04351965642276898, 0.9961566459389302, 0.17244444996006186], [0.0, 0.0, 0.0, 1.0]], "camera_params": [645.489013671875, 644.6547241210938, 642.4880981445312, 362.65289306640625], "tag_size_m": 0.04}
{"t": 1772248238.6691065, "arm_profile": "so-arm-5dof", "q_deg_left_5dof": [-45.402022147327884, -54.72370766488414, 18.536585365853654, 98.30169830169831, 8.491508491508483], "tag_id": 1, "decision_margin": 69.4610824584961, "hamming": 0, "pose_err": 2.3772031908438845e-08, "T_cam_tag": [[-0.928031457457793, 0.33308953519657725, 0.16676023360289643, -0.006215336487631934], [-0.3412584144295695, -0.93970883952131, -0.022135751772399043, 0.007460644775403218], [0.14933287832818515, -0.07745100688849249, 0.9857489705711988, 0.14646896386481972], [0.0, 0.0, 0.0, 1.0]], "camera_params": [645.489013671875, 644.6547241210938, 642.4880981445312, 362.65289306640625], "tag_size_m": 0.04}
{"t": 1772248240.8049366, "arm_profile": "so-arm-5dof", "q_deg_left_5dof": [-32.01733269138181, -81.81818181818181, 24.58536585365853, 98.70129870129873, 8.491508491508483], "tag_id": 1, "decision_margin": 63.38001251220703, "hamming": 0, "pose_err": 1.304628277423141e-08, "T_cam_tag": [[-0.7818386785256002, 0.5926885117844168, 0.19351643020714324, 0.02607476278969681], [-0.6220318186288176, -0.7626464630529648, -0.17733242514026884, -0.018116190590073945], [0.04248172989260629, -0.25901872594771375, 0.964937615721221, 0.14273225090096814], [0.0, 0.0, 0.0, 1.0]], "camera_params": [645.489013671875, 644.6547241210938, 642.4880981445312, 362.65289306640625], "tag_size_m": 0.04}
{"t": 1772248243.13621, "arm_profile": "so-arm-5dof", "q_deg_left_5dof": [-9.484833895040921, -62.65597147950089, 28.195121951219505, 98.70129870129873, 56.343656343656335], "tag_id": 1, "decision_margin": 61.745994567871094, "hamming": 0, "pose_err": 1.6475908077576653e-08, "T_cam_tag": [[-0.9961172703343006, 0.015111219269607734, 0.08672966501680347, 0.06216678091437879], [-0.03438648628937191, -0.9736845159249796, -0.22529099628837693, 0.030171078025178728], [0.08104291025383985, -0.2273985806906553, 0.9704235839041957, 0.1921273099128134], [0.0, 0.0, 0.0, 1.0]], "camera_params": [645.489013671875, 644.6547241210938, 642.4880981445312, 362.65289306640625], "tag_size_m": 0.04}
{"t": 1772248247.3848784, "arm_profile": "so-arm-5dof", "q_deg_left_5dof": [2.5517573423206557, -59.53654188948306, 34.04878048780489, 79.82017982017982, 72.52747252747253], "tag_id": 1, "decision_margin": 56.27989196777344, "hamming": 0, "pose_err": 5.5394172985209916e-08, "T_cam_tag": [[-0.9946857433004538, -0.09766240431255357, 0.03259335605174204, 0.08037372407490245], [0.0820816017321902, -0.9433183614545196, -0.32157904098345425, 0.022508525792359006], [0.06215209354400239, -0.31719477253991957, 0.946321612107346, 0.23420188607931075], [0.0, 0.0, 0.0, 1.0]], "camera_params": [645.489013671875, 644.6547241210938, 642.4880981445312, 362.65289306640625], "tag_size_m": 0.04}
{"t": 1772248249.84907, "arm_profile": "so-arm-5dof", "q_deg_left_5dof": [-33.36543090996629, -39.57219251336899, -2.0487804878048763, 95.60439560439559, 14.985014985014985], "tag_id": 1, "decision_margin": 64.16404724121094, "hamming": 0, "pose_err": 5.560675105355918e-09, "T_cam_tag": [[-0.9037752048871603, 0.3642685581091604, 0.2247193730060778, -0.01715424573284381], [-0.38692517461561193, -0.919808047677524, -0.06513113446224846, -0.03651988763050633], [0.1829734633214607, -0.14581348703303923, 0.9722443821999774, 0.1747763287221619], [0.0, 0.0, 0.0, 1.0]], "camera_params": [645.489013671875, 644.6547241210938, 642.4880981445312, 362.65289306640625], "tag_size_m": 0.04}
{"t": 1772248251.0959578, "arm_profile": "so-arm-5dof", "q_deg_left_5dof": [-41.93548387096774, -41.35472370766489, 6.0487804878048905, 98.5014985014985, 14.985014985014985], "tag_id": 1, "decision_margin": 71.72673034667969, "hamming": 0, "pose_err": 2.1537679018462398e-08, "T_cam_tag": [[-0.9603425197842507, 0.2528964993618626, 0.11741211736848768, -0.015550051738837053], [-0.2528483877693142, -0.9673808857762571, 0.015553605279884298, -0.005510412064997597], [0.11751569042853241, -0.01475067609498989, 0.9929614695736416, 0.1551177338236146], [0.0, 0.0, 0.0, 1.0]], "camera_params": [645.489013671875, 644.6547241210938, 642.4880981445312, 362.65289306640625], "tag_size_m": 0.04}
{"t": 1772248252.7804964, "arm_profile": "so-arm-5dof", "q_deg_left_5dof": [5.729417428984121, -69.5187165775401, 18.048780487804876, 98.90109890109892, 23.876123876123884], "tag_id": 1, "decision_margin": 58.9498291015625, "hamming": 0, "pose_err": 2.75525460225794e-08, "T_cam_tag": [[-0.6965897748876673, 0.34571267661044425, 0.6286854784013947, 0.061933970864970704], [-0.5422592685111901, -0.8274627938611916, -0.14580881485403976, -0.030383223394307914], [0.4698058867613912, -0.44247945715736114, 0.7638680244375136, 0.20621751431409216], [0.0, 0.0, 0.0, 1.0]], "camera_params": [645.489013671875, 644.6547241210938, 642.4880981445312, 362.65289306640625], "tag_size_m": 0.04}
{"t": 1772248254.1986113, "arm_profile": "so-arm-5dof", "q_deg_left_5dof": [15.454983148772271, -94.38502673796792, 44.0, 98.90109890109892, 31.968031968031966], "tag_id": 1, "decision_margin": 57.80025100708008, "hamming": 0, "pose_err": 9.749934700223572e-08, "T_cam_tag": [[-0.6897323323929694, 0.289637147664844, 0.6636110550196757, 0.08236747563030465], [-0.5195362488653181, -0.8363441212018106, -0.1749588438637068, 0.01821384067265639], [0.5043326241348143, -0.46544476968137055, 0.727330578629517, 0.21602777172233326], [0.0, 0.0, 0.0, 1.0]], "camera_params": [645.489013671875, 644.6547241210938, 642.4880981445312, 362.65289306640625], "tag_size_m": 0.04}
{"t": 1772259403.7315488, "arm_profile": "so-arm-5dof", "q_deg_left_5dof": [-23.832450649975925, 61.67557932263813, -76.97560975609755, 98.10189810189812, 17.882117882117882], "tag_id": 1, "decision_margin": 56.17689895629883, "hamming": 0, "pose_err": 5.461324245872735e-08, "T_cam_tag": [[-0.9640091659989052, -0.041028289834755594, 0.2626842349729621, -0.07766580667327228], [-0.08122089383033129, -0.8953423917779066, -0.43790999976116046, 0.09923799176813641], [0.25315902961478015, -0.4434847020119778, 0.8597859180085762, 0.359692901851229], [0.0, 0.0, 0.0, 1.0]], "camera_params": [645.489013671875, 644.6547241210938, 642.4880981445312, 362.65289306640625], "tag_size_m": 0.04}
{"t": 1772259427.8267658, "arm_profile": "so-arm-5dof", "q_deg_left_5dof": [-62.73471352912855, 10.51693404634581, -30.926829268292693, 98.60139860139861, 8.991008991008997], "tag_id": 1, "decision_margin": 67.01194763183594, "hamming": 0, "pose_err": 5.020204566631121e-08, "T_cam_tag": [[-0.9964606023753952, 0.049706243580031895, 0.06779053962631196, -0.10748344236995597], [-0.0631203701372956, -0.9750363778122322, -0.2128846655269765, 0.03149241938676059], [0.05551654516803829, -0.21641014600051542, 0.9747228128656069, 0.1514037923783327], [0.0, 0.0, 0.0, 1.0]], "camera_params": [645.489013671875, 644.6547241210938, 642.4880981445312, 362.65289306640625], "tag_size_m": 0.04}
{"t": 1772259432.1711252, "arm_profile": "so-arm-5dof", "q_deg_left_5dof": [-62.638420799229664, -31.283422459893046, 9.365853658536594, 98.60139860139861, 8.991008991008997], "tag_id": 1, "decision_margin": 65.99302673339844, "hamming": 0, "pose_err": 4.901336693510843e-08, "T_cam_tag": [[-0.9886951848788738, 0.14222229479202986, 0.04748315766057225, -0.03534552121894642], [-0.14894372962568989, -0.9680163093938728, -0.20189153066103244, 0.027722747346702624], [0.01725099424726706, -0.2066815028287585, 0.9782561830041896, 0.12663743522112006], [0.0, 0.0, 0.0, 1.0]], "camera_params": [645.489013671875, 644.6547241210938, 642.4880981445312, 362.65289306640625], "tag_size_m": 0.04}
{"t": 1772259433.301818, "arm_profile": "so-arm-5dof", "q_deg_left_5dof": [-56.8608570052961, -38.057040998217474, 9.365853658536594, 98.60139860139861, 8.991008991008997], "tag_id": 1, "decision_margin": 69.46409606933594, "hamming": 0, "pose_err": 3.811471383160724e-08, "T_cam_tag": [[-0.9633122099877665, 0.2591482933839318, 0.06979790917126957, -0.02832200351860529], [-0.268136450966777, -0.9404607236190249, -0.20889344411187444, 0.009042244866513113], [0.01150781262562315, -0.2199449689494514, 0.9754444017382018, 0.1309751661370957], [0.0, 0.0, 0.0, 1.0]], "camera_params": [645.489013671875, 644.6547241210938, 642.4880981445312, 362.65289306640625], "tag_size_m": 0.04}
{"t": 1772259457.3669279, "arm_profile": "so-arm-5dof", "q_deg_left_5dof": [-22.869523350986995, 5.793226381461665, -22.048780487804876, 78.42157842157843, 31.468531468531467], "tag_id": 1, "decision_margin": 70.93094635009766, "hamming": 0, "pose_err": 9.424411842611302e-09, "T_cam_tag": [[-0.9617962528751884, 0.1445442002293169, 0.23249718737075725, -0.05805556831795406], [-0.16449539003031213, -0.9839795161794727, -0.06874284252186594, -0.0061282229722668434], [0.21883609074835295, -0.10436132386702313, 0.9701646661606992, 0.28738210811222], [0.0, 0.0, 0.0, 1.0]], "camera_params": [645.489013671875, 644.6547241210938, 642.4880981445312, 362.65289306640625], "tag_size_m": 0.04}
{"t": 1772259463.0807273, "arm_profile": "so-arm-5dof", "q_deg_left_5dof": [-9.96629754453538, 7.219251336898395, -21.951219512195124, 81.01898101898101, 30.369630369630357], "tag_id": 1, "decision_margin": 66.64415740966797, "hamming": 0, "pose_err": 9.856720175156976e-09, "T_cam_tag": [[-0.8813658702874128, 0.14356336525090022, 0.4500930602112724, -0.01948473091404027], [-0.18061906221064766, -0.9827300059410183, -0.04023045847753005, -0.007882293332448833], [0.4365443357308141, -0.1167531394909905, 0.8920749673431823, 0.32271891206188624], [0.0, 0.0, 0.0, 1.0]], "camera_params": [645.489013671875, 644.6547241210938, 642.4880981445312, 362.65289306640625], "tag_size_m": 0.04}
{"t": 1772259464.340794, "arm_profile": "so-arm-5dof", "q_deg_left_5dof": [-28.743379874819453, 9.803921568627459, -21.951219512195124, 80.51948051948051, 30.369630369630357], "tag_id": 1, "decision_margin": 72.08489990234375, "hamming": 0, "pose_err": 2.040789856501515e-08, "T_cam_tag": [[-0.9811262823995163, 0.06035053364001168, 0.183709093607996, -0.06867806871868064], [-0.06794538402272679, -0.9970634406674841, -0.0353259122220948, 0.019201835270033468], [0.18103768330076972, -0.04714136584449784, 0.9823456870427056, 0.2731541499135941], [0.0, 0.0, 0.0, 1.0]], "camera_params": [645.489013671875, 644.6547241210938, 642.4880981445312, 362.65289306640625], "tag_size_m": 0.04}
{"t": 1772259465.2886107, "arm_profile": "so-arm-5dof", "q_deg_left_5dof": [-31.72845450168512, 12.74509803921569, -21.951219512195124, 76.62337662337663, 30.369630369630357], "tag_id": 1, "decision_margin": 71.17781829833984, "hamming": 0, "pose_err": 7.1031209236605994e-09, "T_cam_tag": [[-0.9857016296208652, 0.045162243458175544, 0.16233505206391788, -0.08484087539321644], [-0.05865162399474333, -0.9951249616228295, -0.07928617633573806, 0.0296568041766292], [0.15796292085660385, -0.08767372765536428, 0.9835451352700919, 0.27550315256817515], [0.0, 0.0, 0.0, 1.0]], "camera_params": [645.489013671875, 644.6547241210938, 642.4880981445312, 362.65289306640625], "tag_size_m": 0.04}
{"t": 1772259465.895755, "arm_profile": "so-arm-5dof", "q_deg_left_5dof": [-1.974000962927306, 12.74509803921569, -21.951219512195124, 76.62337662337663, 30.369630369630357], "tag_id": 1, "decision_margin": 72.08554077148438, "hamming": 0, "pose_err": 5.465768628557721e-09, "T_cam_tag": [[-0.7928912313994304, 0.1510179541816732, 0.5903533456199573, -0.0018165827206590621], [-0.19405455723364207, -0.9809428182527573, -0.009696191788167441, 0.00030386946431084564], [0.5776385755701829, -0.12224878254248525, 0.8070866813299116, 0.35571375598676663], [0.0, 0.0, 0.0, 1.0]], "camera_params": [645.489013671875, 644.6547241210938, 642.4880981445312, 362.65289306640625], "tag_size_m": 0.04}
{"t": 1772259466.5308497, "arm_profile": "so-arm-5dof", "q_deg_left_5dof": [0.2407318247472432, 12.74509803921569, -21.951219512195124, 76.62337662337663, 30.369630369630357], "tag_id": 1, "decision_margin": 68.95706176757812, "hamming": 0, "pose_err": 1.8836625906879876e-08, "T_cam_tag": [[-0.7835776304581901, 0.15829356543670248, 0.6007905160593532, 0.010771711784875576], [-0.21088003514658737, -0.9773547497272339, -0.017530087341196515, -0.0015780519050219558], [0.5844105644340302, -0.14043090944287273, 0.7992142715510941, 0.3616511635984178], [0.0, 0.0, 0.0, 1.0]], "camera_params": [645.489013671875, 644.6547241210938, 642.4880981445312, 362.65289306640625], "tag_size_m": 0.04}
{"t": 1772259467.091743, "arm_profile": "so-arm-5dof", "q_deg_left_5dof": [1.5888300433317255, 12.74509803921569, -21.951219512195124, 78.02197802197801, 30.369630369630357], "tag_id": 1, "decision_margin": 69.46926879882812, "hamming": 0, "pose_err": 5.18093714659422e-10, "T_cam_tag": [[-0.7796172960018565, 0.1799447582088307, 0.5998472770363463, 0.01571687239151354], [-0.20477527261976228, -0.9784263412384995, 0.02736754453993446, -0.0019082323035747213], [0.591831022757557, -0.10149767861290583, 0.7996463354120592, 0.35940300045631546], [0.0, 0.0, 0.0, 1.0]], "camera_params": [645.489013671875, 644.6547241210938, 642.4880981445312, 362.65289306640625], "tag_size_m": 0.04}
{"t": 1772259467.9662902, "arm_profile": "so-arm-5dof", "q_deg_left_5dof": [5.922002888781904, 12.74509803921569, -21.951219512195124, 81.41858141858143, 30.369630369630357], "tag_id": 1, "decision_margin": 66.73077392578125, "hamming": 0, "pose_err": 8.901369156784735e-09, "T_cam_tag": [[-0.7272279592248532, 0.17886971695285142, 0.6626802544808941, 0.033732239889271085], [-0.1833609898736858, -0.9809883401276298, 0.06356590222894844, 0.0004920513077279363], [0.6614516178181121, -0.07528280607711804, 0.7461998769732927, 0.36068666654546705], [0.0, 0.0, 0.0, 1.0]], "camera_params": [645.489013671875, 644.6547241210938, 642.4880981445312, 362.65289306640625], "tag_size_m": 0.04}
{"t": 1772259469.259883, "arm_profile": "so-arm-5dof", "q_deg_left_5dof": [-17.091959557053443, 12.74509803921569, -21.951219512195124, 80.41958041958043, 30.269730269730275], "tag_id": 1, "decision_margin": 63.00491714477539, "hamming": 0, "pose_err": 3.6862341680662106e-08, "T_cam_tag": [[-0.8871712605244203, 0.08987928796236816, 0.45260232886595764, -0.042094283094916515], [-0.1002305500091833, -0.9949636134608406, 0.0011156763883372126, 0.017143800397908242], [0.45042312478864516, -0.04437478432989379, 0.8917117735968881, 0.3163236527655358], [0.0, 0.0, 0.0, 1.0]], "camera_params": [645.489013671875, 644.6547241210938, 642.4880981445312, 362.65289306640625], "tag_size_m": 0.04}
{"t": 1772259469.998405, "arm_profile": "so-arm-5dof", "q_deg_left_5dof": [-23.158401540683684, 12.74509803921569, -21.951219512195124, 79.52047952047951, 30.269730269730275], "tag_id": 1, "decision_margin": 73.10845184326172, "hamming": 0, "pose_err": 2.3286081269679336e-08, "T_cam_tag": [[-0.931013721659549, 0.048005869516028074, 0.36181333111653907, -0.05834240511078649], [-0.079517510085059, -0.9941785601388553, -0.07270458135568258, 0.024413979070427815], [0.3562168099227054, -0.09645945807562167, 0.9294111884823899, 0.3029611948238179], [0.0, 0.0, 0.0, 1.0]], "camera_params": [645.489013671875, 644.6547241210938, 642.4880981445312, 362.65289306640625], "tag_size_m": 0.04}
